241999223, 134, 60, -2.1341464519500732, -0.7902933955192566, 749
242041873, 132, 60, 0.060975611209869385, -0.7825086116790771, 750
242045641, 134, 60, -1.097561001777649, -0.7783730030059814, 750
242048183, 134, 60, -0.7317073345184326, -0.7765276432037354, 750
242090850, 136, 60, -1.3414634466171265, -0.7918781042098999, 752
242094616, 136, 60, -0.9756097793579102, -0.7881990671157837, 752
242097155, 132, 60, 1.2804877758026123, -0.7914361357688904, 752
242139815, 131, 60, 2.621951103210449, -0.8259664177894592, 749
242143580, 131, 60, 2.5, -0.8353888988494873, 749
242146113, 131, 60, 2.9268293380737305, -0.8427879214286804, 749
242188805, 129, 60, 5.060975551605225, -0.9778110384941101, 754
242192574, 126, 60, 6.7682929039001465, -1.003381609916687, 754
242195118, 128, 60, 5.487804889678955, -1.017249345779419, 754
242282022, 146, 60, -2.804877996444702, -1.4904111623764038, 750
242285785, 141, 60, 0.24390244483947754, -1.491330623626709, 750
242288328, 143, 60, -0.792682945728302, -1.4893258810043335, 750
242379461, 146, 60, -0.6707317233085632, -2.095597982406616, 751
242383271, 142, 60, 1.402438998222351, -2.100918769836426, 751
242385803, 144, 60, 0.6097561120986938, -2.1024668216705322, 751
242476974, 146, 60, 0.6097561120986938, -3.231030225753784, 755
242480767, 138, 60, 5.121951103210449, -3.250509023666382, 755
242483311, 138, 60, 5.060975551605225, -3.26330828666687, 755
242574425, 148, 60, 1.5243902206420898, -4.399903297424316, 759
242578816, 158, 60, -4.390244007110596, -4.383145809173584, 761
242581361, 143, 60, 4.0853657722473145, -4.395839214324951, 761
242672484, 120, 60, 18.536584854125977, -5.683579444885254, 759
242676305, 115, 60, 21.463415145874023, -5.765247821807861, 759
242678834, 98, 60, 30.487804412841797, -5.842626094818115, 759
242767445, 153, 60, 1.2804877758026123, -7.243770122528076, 758
242771240, 111, 60, 25.060976028442383, -7.338701248168945, 758
242773778, 118, 60, 20.975608825683594, -7.391706466674805, 758
242864879, 136, 60, 12.134146690368652, -9.076570510864258, 768
242868674, 147, 60, 6.280488014221191, -9.100367546081543, 768
242871218, 123, 60, 19.45121955871582, -9.14955997467041, 768
242962670, 134, 60, 15.060976028442383, -10.69526481628418, 776
242966464, 116, 60, 24.634145736694336, -10.78835678100586, 776
242968996, 114, 60, 26.219512939453125, -10.854875564575195, 776
243060111, 109, 60, 30.121952056884766, -12.816146850585938, 783
243063931, 117, 60, 25.731706619262695, -12.914261817932129, 783
243066459, 116, 60, 26.341463088989258, -12.98111629486084, 783
243157561, 127, 60, 21.219512939453125, -15.47174072265625, 791
243161377, 112, 60, 29.512195587158203, -15.583946228027344, 791
243163910, 109, 60, 30.975608825683594, -15.66262435913086, 791
243254115, 129, 60, 20.792682647705078, -18.019906997680664, 810
243258500, 121, 60, 25.060976028442383, -18.11521339416504, 815
243261032, 108, 60, 32.682926177978516, -18.216758728027344, 815
243352158, 126, 60, 23.719512939453125, -20.736366271972656, 833
243355955, 113, 60, 30.54878044128418, -20.85245132446289, 833
243358497, 127, 60, 22.865854263305664, -20.9102783203125, 833
243449582, 120, 60, 27.865854263305664, -23.38212013244629, 853
243453400, 125, 60, 25.30487823486328, -23.478303909301758, 853
243455934, 112, 60, 32.378047943115234, -23.560577392578125, 853
243547881, 126, 60, 25.54878044128418, -26.25621795654297, 879
243550440, 117, 60, 30.670732498168945, -26.334182739257812, 879
243644882, 128, 60, 25.0, -29.0599365234375, 899
243647439, 123, 60, 27.926828384399414, -29.131345748901367, 899
243741906, 111, 60, 35.54878234863281, -31.842552185058594, 910
243744454, 120, 60, 30.487804412841797, -31.92005157470703, 910
243841425, 124, 60, 29.085365295410156, -34.641517639160156, 910
243843971, 157, 60, 10.853658676147461, -34.66907501220703, 910
243938936, 134, 60, 24.207317352294922, -38.02867889404297, 852
243941498, 106, 60, 40.0, -38.15403747558594, 852
244035919, 120, 60, 33.10975646972656, -41.289371490478516, 792
244038466, 134, 60, 24.939023971557617, -41.35274124145508, 792
244132904, 148, 60, 17.987804412841797, -44.39839553833008, 730
244135463, 139, 60, 22.865854263305664, -44.456565856933594, 730
244229869, 114, 60, 37.86585235595703, -47.534019470214844, 680
244232424, 117, 60, 36.219512939453125, -47.6263427734375, 680
244326853, 127, 60, 31.158536911010742, -50.65163803100586, 638
244329400, 136, 60, 26.524391174316406, -50.71914291381836, 638
244423836, 134, 60, 28.04878044128418, -54.0567741394043, 613
244426389, 139, 60, 25.30487823486328, -54.12102508544922, 613
244520804, 143, 60, 23.90243911743164, -57.4059944152832, 584
244523360, 123, 60, 34.57316970825195, -57.49415588378906, 584
244620891, 97, 60, 50.121952056884766, -60.48796463012695, 555
244623450, 135, 60, 28.841463088989258, -60.577980041503906, 555
244715413, 108, 60, 44.75609588623047, -63.53594970703125, 538
244717972, 115, 60, 40.975608825683594, -63.64006805419922, 538
244814999, 142, 60, 26.64634132385254, -66.63619232177734, 518
244817544, 121, 60, 38.35365676879883, -66.73368835449219, 518
244910035, 143, 60, 27.378047943115234, -68.81256103515625, 472
244912594, 138, 60, 30.121952056884766, -68.88943481445312, 472
245009520, 128, 60, 36.70731735229492, -71.77758026123047, 409
245012075, 127, 60, 37.13414764404297, -71.87200927734375, 409
245106543, 151, 60, 24.45121955871582, -75.04725646972656, 357
245109099, 133, 60, 34.39024353027344, -75.13508605957031, 357
245203518, 157, 60, 21.890243530273438, -77.86864471435547, 320
245206642, 148, 60, 27.134145736694336, -77.93756866455078, 303
245301070, 125, 60, 40.4878044128418, -80.79544067382812, 286
245303629, 139, 60, 32.80487823486328, -80.87918853759766, 286
245398091, 125, 60, 41.03658676147461, -84.02762603759766, 287
245400646, 142, 60, 32.07316970825195, -84.10941314697266, 287
245495122, 147, 60, 29.573171615600586, -87.43407440185547, 317
245497679, 188, 60, 6.707316875457764, -87.45112609863281, 317
245592121, 112, 60, 49.63414764404297, -90.71688842773438, 365
245594668, 173, 60, 16.09756088256836, -90.75775909423828, 365
245689100, 92, 60, 61.76829147338867, -94.17851257324219, 472
245691643, 132, 60, 39.14634323120117, -94.27794647216797, 472
245786128, 122, 60, 45.54878234863281, -98.03278350830078, 764
245788680, 129, 60, 41.46341323852539, -98.13876342773438, 764
245886255, 133, 60, 39.75609588623047, -101.74077606201172, 850
245888805, 119, 60, 47.378047943115234, -101.88883209228516, 850
245983238, 134, 60, 39.817073822021484, -105.70228576660156, 864
245985780, 119, 60, 47.9878044128418, -105.82408142089844, 864
246080272, 130, 60, 42.07316970825195, -109.67620086669922, 882
246082828, 145, 60, 33.65853500366211, -109.76203155517578, 882
246177303, 154, 60, 29.14634132385254, -113.72645568847656, 910
246179847, 141, 60, 36.70731735229492, -113.81961822509766, 910
246274299, 133, 60, 41.524391174316406, -117.61319732666016, 943
246276856, 158, 60, 27.7439022064209, -117.68399810791016, 943
246371339, 110, 60, 54.45121765136719, -121.53921508789062, 973
246373887, 168, 60, 22.5, -121.5964126586914, 973
246468334, 111, 60, 54.20731735229492, -125.46654510498047, 983
246470892, 160, 60, 27.012195587158203, -125.53547668457031, 983
246565936, 129, 60, 44.39024353027344, -129.77418518066406, 919
246568495, 137, 60, 39.93902587890625, -129.89935302734375, 919
246662949, 139, 60, 39.085365295410156, -134.10543823242188, 805
246665505, 135, 60, 41.40243911743164, -134.21080017089844, 805
246760039, 135, 60, 41.76829147338867, -138.30723571777344, 739
246762590, 132, 60, 43.475608825683594, -138.41827392578125, 739
246857287, 145, 60, 36.40243911743164, -142.18667602539062, 690
246859842, 130, 60, 44.817073822021484, -142.3007354736328, 690
246956775, 114, 60, 53.84146499633789, -146.69900512695312, 653
246959334, 127, 60, 46.82926940917969, -146.81846618652344, 653
247053829, 117, 60, 52.682926177978516, -151.2783203125, 623
247056382, 122, 60, 49.75609588623047, -151.40524291992188, 623
247150802, 151, 60, 33.96341323852539, -155.73878479003906, 598
247153350, 149, 60, 35.06097412109375, -155.827880859375, 598
247248404, 138, 60, 41.64634323120117, -159.79881286621094, 579
247250961, 146, 60, 36.95121765136719, -159.9145050048828, 579
247345363, 121, 60, 50.85365676879883, -164.13575744628906, 563
247347917, 115, 60, 54.14634323120117, -164.2738800048828, 563
247442380, 141, 60, 40.06097412109375, -168.4988250732422, 556
247444926, 124, 60, 49.75609588623047, -168.62535095214844, 556
247539366, 123, 60, 50.182926177978516, -173.1020050048828, 554
247541919, 106, 60, 59.57316970825195, -173.25355529785156, 554
247636440, 139, 60, 41.64634323120117, -177.59324645996094, 549
247638983, 120, 60, 52.317073822021484, -177.72628784179688, 549
247733433, 143, 60, 39.69512176513672, -182.19358825683594, 549
247735988, 125, 60, 49.63414764404297, -182.32020568847656, 549
247881955, 137, 60, 43.29268264770508, -188.90269470214844, 568
247884496, 119, 60, 53.17073059082031, -189.03839111328125, 568
247978960, 111, 60, 57.621952056884766, -193.69822692871094, 585
247981518, 118, 60, 53.719512939453125, -193.83526611328125, 585
248075939, 127, 60, 48.780487060546875, -198.4251708984375, 609
248078482, 142, 60, 40.36585235595703, -198.52774047851562, 609
248172926, 117, 60, 54.26829147338867, -203.41651916503906, 617
248175481, 112, 60, 56.70731735229492, -203.5608367919922, 617
248269917, 127, 60, 48.53658676147461, -208.44393920898438, 589
248272473, 126, 60, 49.024391174316406, -208.56900024414062, 589
248366868, 114, 60, 55.60975646972656, -213.6118621826172, 534
248369413, 113, 60, 56.15853500366211, -213.75445556640625, 534
248463869, 110, 60, 57.378047943115234, -218.9227752685547, 462
248466422, 112, 60, 56.40243911743164, -219.0666046142578, 462
248561455, 121, 60, 51.524391174316406, -224.1966552734375, 378
248564013, 120, 60, 51.82926940917969, -224.3585205078125, 378
248658484, 95, 60, 65.79268646240234, -229.55111694335938, 349
248661025, 110, 60, 57.13414764404297, -229.69635009765625, 349
248755378, 102, 60, 61.280487060546875, -234.9109344482422, 323
248757928, 106, 60, 59.32926940917969, -235.0616912841797, 323
248852682, 131, 60, 45.42683029174805, -240.12948608398438, 300
248855233, 136, 60, 42.43902587890625, -240.2377471923828, 300
248952151, 124, 60, 49.26829147338867, -245.05978393554688, 288
248954695, 121, 60, 50.975608825683594, -245.189208984375, 288
249049175, 118, 60, 52.25609588623047, -250.1863250732422, 283
249051729, 111, 60, 56.15853500366211, -250.3294219970703, 283
249146199, 108, 60, 57.92683029174805, -255.17266845703125, 274
249149327, 111, 60, 56.34146499633789, -255.31651306152344, 273
249243767, 129, 60, 46.15853500366211, -260.2998962402344, 269
249246325, 110, 60, 56.40243911743164, -260.44378662109375, 269
249340775, 133, 60, 43.780487060546875, -264.91339111328125, 272
249343329, 116, 60, 53.10975646972656, -265.04833984375, 272
249437830, 123, 60, 49.32926940917969, -269.51300048828125, 272
249440385, 128, 60, 47.0121955871582, -269.63287353515625, 272
249534865, 140, 60, 40.182926177978516, -274.20928955078125, 279
249537424, 117, 60, 53.17073059082031, -274.3446044921875, 279
249631895, 136, 60, 42.19512176513672, -278.91571044921875, 285
249634454, 127, 60, 47.25609588623047, -279.0364074707031, 285
249728930, 130, 60, 45.60975646972656, -283.62493896484375, 294
249731476, 123, 60, 49.75609588623047, -283.7516174316406, 294
249828970, 119, 60, 51.70731735229492, -288.5635986328125, 314
249831519, 136, 60, 42.5, -288.6961975097656, 314
249925963, 115, 60, 54.39024353027344, -293.50537109375, 329
249928512, 105, 60, 59.75609588623047, -293.6573791503906, 329
250022983, 116, 60, 53.17073059082031, -298.6787414550781, 355
250025539, 125, 60, 48.475608825683594, -298.8024597167969, 355
250120012, 114, 60, 54.45121765136719, -303.4947204589844, 388
250122571, 104, 60, 60.0, -303.6480712890625, 388
250217058, 119, 60, 51.64634323120117, -308.28424072265625, 423
250219611, 127, 60, 47.378047943115234, -308.40509033203125, 423
250314016, 107, 60, 58.17073059082031, -313.1760559082031, 459
250316573, 116, 60, 53.475608825683594, -313.3125305175781, 459
250411005, 115, 60, 54.085365295410156, -318.191162109375, 478
250413561, 132, 60, 44.39024353027344, -318.3043518066406, 478
250508597, 112, 60, 55.67073059082031, -323.3471374511719, 453
250511156, 94, 60, 65.30487823486328, -323.5518798828125, 453
250605548, 121, 60, 50.79268264770508, -328.0294189453125, 433
250608101, 120, 60, 50.914634704589844, -328.15875244140625, 433
250702563, 128, 60, 46.585365295410156, -332.665283203125, 421
250705114, 123, 60, 49.69512176513672, -332.791748046875, 421
250850778, 115, 60, 53.84146499633789, -339.9059753417969, 467
250853334, 116, 60, 53.65853500366211, -340.04241943359375, 467
250947768, 136, 60, 42.0121955871582, -344.9375915527344, 633
250950326, 121, 60, 50.85365676879883, -345.06732177734375, 633
251044784, 106, 60, 58.780487060546875, -350.1877136230469, 734
251047331, 115, 60, 53.719512939453125, -350.32427978515625, 734
251142370, 103, 60, 60.06097412109375, -355.6233215332031, 758
251144926, 109, 60, 56.76829147338867, -355.8011169433594, 758
251239312, 113, 60, 54.5121955871582, -360.8595275878906, 760
251241869, 113, 60, 54.45121765136719, -360.9978332519531, 760
251336341, 117, 60, 52.378047943115234, -365.5021057128906, 776
251338895, 134, 60, 43.04878234863281, -365.6118469238281, 776
251433349, 133, 60, 43.53658676147461, -370.2956848144531, 797
251435906, 131, 60, 44.75609588623047, -370.4095764160156, 797
251530380, 134, 60, 42.80487823486328, -375.0002746582031, 819
251532934, 146, 60, 36.03658676147461, -375.0921630859375, 819
251627458, 114, 60, 54.45121765136719, -379.3597717285156, 856
251630001, 94, 60, 65.1219482421875, -379.52557373046875, 856
251726995, 154, 60, 32.19512176513672, -383.6784362792969, 883
251730120, 133, 60, 43.780487060546875, -383.7896728515625, 884
251824518, 157, 60, 31.036584854125977, -387.716796875, 860
251827072, 126, 60, 48.17073059082031, -387.8396301269531, 860
251921556, 145, 60, 38.17073059082031, -391.5077209472656, 801
251924105, 150, 60, 35.4878044128418, -391.59796142578125, 801
252018588, 135, 60, 43.90243911743164, -395.4663391113281, 719
252021141, 155, 60, 33.04878234863281, -395.5505676269531, 719
252115622, 152, 60, 35.06097412109375, -399.60186767578125, 644
252118182, 134, 60, 45.0, -399.71624755859375, 644
252212674, 138, 60, 43.23170852661133, -403.5836486816406, 599
252215227, 124, 60, 50.85365676879883, -403.7129211425781, 599
252309670, 163, 60, 29.634145736694336, -407.3883056640625, 564
252312220, 144, 60, 40.06097412109375, -407.4902648925781, 564
252406693, 135, 60, 45.42683029174805, -411.5987854003906, 532
252409819, 141, 60, 42.378047943115234, -411.7068786621094, 519
252504258, 150, 60, 37.5, -415.65478515625, 498
252506816, 137, 60, 44.878047943115234, -415.7695007324219, 498
252601286, 113, 60, 58.53658676147461, -419.7945251464844, 486
252603842, 120, 60, 54.45121765136719, -419.9334716796875, 486
252698290, 149, 60, 38.414634704589844, -424.0920104980469, 383
252700836, 145, 60, 41.09756088256836, -424.19659423828125, 383
252795588, 132, 60, 48.414634704589844, -428.30718994140625, 268
252798144, 141, 60, 43.65853500366211, -428.4183044433594, 268
252895137, 135, 60, 46.89024353027344, -432.6715393066406, 230
252897686, 167, 60, 29.024391174316406, -432.7453918457031, 230
252992076, 153, 60, 37.317073822021484, -436.99517822265625, 214
252994632, 133, 60, 48.59756088256836, -437.1191101074219, 214
253089673, 118, 60, 56.89024353027344, -441.1217041015625, 227
253092234, 137, 60, 46.34146499633789, -441.266845703125, 227
253186625, 163, 60, 32.317073822021484, -445.0816955566406, 267
253189170, 140, 60, 45.121952056884766, -445.1962585449219, 267
253283619, 162, 60, 33.10975646972656, -449.0399169921875, 397
253286165, 159, 60, 35.121952056884766, -449.1292419433594, 397
253380609, 165, 60, 32.378047943115234, -452.20416259765625, 713
253383154, 142, 60, 45.42683029174805, -452.31964111328125, 713
253525989, 134, 60, 49.817073822021484, -458.45953369140625, 802
253528542, 139, 60, 47.56097412109375, -458.58087158203125, 802
253622974, 124, 60, 55.73170852661133, -463.0158386230469, 822
253625530, 139, 60, 47.5, -463.136962890625, 822
253722464, 156, 60, 38.10975646972656, -467.19598388671875, 837
253725593, 165, 60, 33.17073059082031, -467.2807312011719, 850
253819960, 155, 60, 39.085365295410156, -471.1422424316406, 881
253822514, 144, 60, 45.30487823486328, -471.2576904296875, 881
253916910, 129, 60, 53.96341323852539, -475.2509765625, 921
253919462, 150, 60, 42.25609588623047, -475.35833740234375, 921
254013927, 165, 60, 33.96341323852539, -479.846923828125, 939
