19831026, 0, 0, 0.0, 0.0
19833436, 255, 255, 2.2560975551605225, 2.2560975551605225
19838612, 255, 255, 2.5, 2.5
19840777, 255, 255, 2.682926893234253, 2.682926893234253
19859664, 255, 255, 43.780487060546875, 43.780487060546875
19863067, 203, 203, 89.0243911743164, 89.0243911743164
19865221, 162, 162, 112.31707000732422, 112.31707000732422
19877692, 134, 134, 128.1707305908203, 128.1707305908203
19881091, 122, 122, 134.756103515625, 134.756103515625
19883256, 37, 37, 182.0731658935547, 182.0731658935547
19895731, 73, 73, 162.6219482421875, 162.6219482421875
19899107, 95, 95, 150.48780822753906, 150.48780822753906
19901267, 87, 87, 154.756103515625, 154.756103515625
19915909, 111, 111, 141.76829528808594, 141.76829528808594
19919319, 111, 111, 141.64634704589844, 141.64634704589844
19921481, 97, 97, 149.756103515625, 149.756103515625
19933934, 177, 177, 105.8536605834961, 105.8536605834961
19937324, 124, 124, 135.06097412109375, 135.06097412109375
19939486, 165, 165, 112.74390411376953, 112.74390411376953
19952261, 104, 104, 146.5853729248047, 146.5853729248047
19955662, 114, 114, 141.15853881835938, 141.15853881835938
19957827, 139, 139, 127.6219482421875, 127.6219482421875
19970326, 105, 105, 146.5853729248047, 146.5853729248047
19973734, 136, 136, 129.51219177246094, 129.51219177246094
19975894, 57, 57, 173.35365295410156, 173.35365295410156
19990530, 107, 107, 146.03659057617188, 146.03659057617188
19993929, 130, 130, 133.53659057617188, 133.53659057617188
19996084, 109, 109, 145.30487060546875, 145.30487060546875
20008553, 163, 163, 115.48780822753906, 115.48780822753906
20011935, 190, 190, 100.9756088256836, 100.9756088256836
20014087, 205, 205, 92.74390411376953, 92.74390411376953
20026566, 127, 127, 136.40243530273438, 136.40243530273438
20029961, 212, 212, 89.51219177246094, 89.51219177246094
20032126, 206, 206, 92.86585235595703, 92.86585235595703
20046740, 63, 63, 172.68292236328125, 172.68292236328125
20050140, 111, 111, 145.85365295410156, 145.85365295410156
20052293, 131, 131, 135.06097412109375, 135.06097412109375
20064791, 69, 69, 169.39024353027344, 169.39024353027344
20068180, 62, 62, 173.59756469726562, 173.59756469726562
20070345, 64, 64, 172.31707763671875, 172.31707763671875
20082924, 78, 78, 164.756103515625, 164.756103515625
20086313, 171, 171, 113.29268646240234, 113.29268646240234
20088475, 150, 150, 125.1219482421875, 125.1219482421875
20103118, 214, 214, 89.75609588623047, 89.75609588623047
20106501, 93, 93, 157.01219177246094, 157.01219177246094
20108663, 83, 83, 162.743896484375, 162.743896484375
20121157, 161, 161, 120.1219482421875, 120.1219482421875
20124543, 108, 108, 149.63414001464844, 149.63414001464844
20126710, 140, 140, 131.52438354492188, 131.52438354492188
20139468, 142, 142, 130.9146270751953, 130.9146270751953
20142854, 125, 125, 140.36585998535156, 140.36585998535156
20145017, 68, 68, 172.01219177246094, 172.01219177246094
20157510, 148, 148, 127.74390411376953, 127.74390411376953
20160921, 71, 71, 170.9146270751953, 170.9146270751953
20163082, 55, 55, 179.756103515625, 179.756103515625
20177696, 133, 133, 136.89024353027344, 136.89024353027344
20181088, 181, 181, 110.18292999267578, 110.18292999267578
20183240, 255, 255, 67.19512176513672, 67.19512176513672
20195711, 255, 255, 54.817073822021484, 54.817073822021484
20199098, 17, 17, 202.01219177246094, 202.01219177246094
20201262, 255, 255, 42.5, 42.5
20213744, 132, 132, 138.59756469726562, 138.59756469726562
20217131, 167, 167, 119.45121765136719, 119.45121765136719
20219293, 181, 181, 111.76829528808594, 111.76829528808594
20233918, 128, 128, 141.76829528808594, 141.76829528808594
20237317, 199, 199, 102.5, 102.5
20239467, 127, 127, 142.68292236328125, 142.68292236328125
20251950, 143, 143, 134.14634704589844, 134.14634704589844
20255354, 148, 148, 131.40243530273438, 131.40243530273438
20257516, 141, 141, 135.30487060546875, 135.30487060546875
20270113, 248, 248, 76.28048706054688, 76.28048706054688
20273522, 133, 133, 140.243896484375, 140.243896484375
20275686, 177, 177, 116.28048706054688, 116.28048706054688
20290307, 234, 234, 84.69512176513672, 84.69512176513672
20293685, 191, 191, 108.90243530273438, 108.90243530273438
20295841, 190, 190, 109.69512176513672, 109.69512176513672
20308320, 233, 233, 86.09756469726562, 86.09756469726562
20310484, 255, 255, 26.890243530273438, 26.890243530273438
20342289, 91, 91, 166.28048706054688, 166.28048706054688
20345689, 59, 59, 184.0853729248047, 184.0853729248047
20347843, 63, 63, 182.0731658935547, 182.0731658935547
20379637, 107, 107, 157.5, 157.5
20383037, 157, 157, 130.06097412109375, 130.06097412109375
20385199, 170, 170, 122.92682647705078, 122.92682647705078
20417020, 137, 137, 142.01219177246094, 142.01219177246094
20420445, 212, 212, 100.36585235595703, 100.36585235595703
20422605, 148, 148, 136.28048706054688, 136.28048706054688
20454425, 54, 54, 188.96340942382812, 188.96340942382812
20457846, 115, 115, 154.8780517578125, 154.8780517578125
20460012, 74, 74, 177.98780822753906, 177.98780822753906
20511017, 124, 124, 150.7926788330078, 150.7926788330078
20514439, 121, 121, 152.743896484375, 152.743896484375
20516600, 109, 109, 159.3292694091797, 159.3292694091797
20548413, 120, 120, 153.84146118164062, 153.84146118164062
20551824, 165, 165, 129.3292694091797, 129.3292694091797
20553976, 184, 184, 118.4756088256836, 118.4756088256836
20585772, 77, 77, 178.78048706054688, 178.78048706054688
20589175, 63, 63, 186.64634704589844, 186.64634704589844
20591336, 52, 52, 192.6219482421875, 192.6219482421875
20642341, 121, 121, 155.7926788330078, 155.7926788330078
20645763, 85, 85, 175.6707305908203, 175.6707305908203
20647928, 139, 139, 146.03659057617188, 146.03659057617188
20679735, 122, 122, 155.9146270751953, 155.9146270751953
20683133, 124, 124, 154.756103515625, 154.756103515625
20685284, 158, 158, 135.73170471191406, 135.73170471191406
20717099, 134, 134, 149.69512939453125, 149.69512939453125
20720528, 158, 158, 136.89024353027344, 136.89024353027344
20722686, 188, 188, 119.81707000732422, 119.81707000732422
20754512, 154, 154, 139.8780517578125, 139.8780517578125
20757933, 93, 93, 173.84146118164062, 173.84146118164062
20760098, 161, 161, 136.15853881835938, 136.15853881835938
20791906, 84, 84, 179.63414001464844, 179.63414001464844
20795314, 41, 41, 203.23170471191406, 203.23170471191406
20797474, 35, 35, 206.5853729248047, 206.5853729248047
20829289, 175, 175, 129.14634704589844, 129.14634704589844
20832690, 189, 189, 121.6463394165039, 121.6463394165039
20834843, 253, 253, 86.09756469726562, 86.09756469726562
20866674, 152, 152, 143.47561645507812, 143.47561645507812
20870077, 123, 123, 159.51219177246094, 159.51219177246094
20872241, 111, 111, 165.9146270751953, 165.9146270751953
20904052, 101, 101, 172.3780517578125, 172.3780517578125
20907457, 93, 93, 177.01219177246094, 177.01219177246094
20909620, 100, 100, 173.10975646972656, 173.10975646972656
20941443, 233, 233, 99.45121765136719, 99.45121765136719
20944866, 255, 255, 83.4756088256836, 83.4756088256836
20947018, 231, 231, 100.79268646240234, 100.79268646240234
20978846, 124, 124, 161.76829528808594, 161.76829528808594
20982257, 56, 56, 199.39024353027344, 199.39024353027344
20984420, 77, 77, 187.86585998535156, 187.86585998535156
21016228, 15, 15, 239.4512176513672, 239.4512176513672
21019641, 84, 84, 183.65853881835938, 183.65853881835938
21021795, 190, 190, 125.24390411376953, 125.24390411376953
21054401, 146, 146, 150.06097412109375, 150.06097412109375
21056567, 99, 99, 176.28048706054688, 176.28048706054688
21091334, 123, 123, 162.86585998535156, 162.86585998535156
21093511, 57, 57, 199.51219177246094, 199.51219177246094
21130410, 211, 211, 115.24390411376953, 115.24390411376953
21132578, 213, 213, 114.45121765136719, 114.45121765136719
21167336, 33, 33, 214.63414001464844, 214.63414001464844
21169502, 70, 70, 194.0853729248047, 194.0853729248047
21204239, 161, 161, 143.84146118164062, 143.84146118164062
21206404, 180, 180, 133.35365295410156, 133.35365295410156
21241138, 63, 63, 199.0853729248047, 199.0853729248047
21243307, 114, 114, 170.36585998535156, 170.36585998535156
21280184, 208, 208, 119.20731353759766, 119.20731353759766
21282362, 205, 205, 121.21951293945312, 121.21951293945312
21317110, 157, 157, 148.35365295410156, 148.35365295410156
21319284, 130, 130, 163.4146270751953, 163.4146270751953
21354083, 104, 104, 178.1707305908203, 178.1707305908203
21356248, 137, 137, 159.93902587890625, 159.93902587890625
21391002, 245, 245, 100.91463470458984, 100.91463470458984
21393175, 247, 247, 99.75609588623047, 99.75609588623047
21430059, 89, 89, 188.59756469726562, 188.59756469726562
21432227, 112, 112, 175.4268341064453, 175.4268341064453
21466980, 129, 129, 166.8292694091797, 166.8292694091797
21469146, 165, 165, 146.64634704589844, 146.64634704589844
21503902, 211, 211, 122.25609588623047, 122.25609588623047
21506067, 209, 209, 123.04878234863281, 123.04878234863281
21540835, 113, 113, 177.19512939453125, 177.19512939453125
21543013, 156, 156, 153.10975646972656, 153.10975646972656
21577733, 188, 188, 136.09756469726562, 136.09756469726562
21579903, 190, 190, 135.18292236328125, 135.18292236328125
21616795, 112, 112, 178.96340942382812, 178.96340942382812
21618964, 124, 124, 172.743896484375, 172.743896484375
21670796, 191, 191, 136.46340942382812, 136.46340942382812
21672971, 178, 178, 143.71951293945312, 143.71951293945312
21729086, 215, 215, 124.39024353027344, 124.39024353027344
21731255, 145, 145, 163.2926788330078, 163.2926788330078
21765996, 75, 75, 202.6219482421875, 202.6219482421875
21768162, 95, 95, 191.15853881835938, 191.15853881835938
21822207, 255, 255, 85.79268646240234, 85.79268646240234
21859199, 152, 152, 161.46340942382812, 161.46340942382812
21861376, 107, 107, 186.8292694091797, 186.8292694091797
21896105, 93, 93, 194.39024353027344, 194.39024353027344
21898280, 133, 133, 171.89024353027344, 171.89024353027344
21935179, 158, 158, 159.14634704589844, 159.14634704589844
21937346, 200, 200, 135.48780822753906, 135.48780822753906
21972118, 156, 156, 160.6707305908203, 160.6707305908203
21974281, 160, 160, 158.71951293945312, 158.71951293945312
22009032, 139, 139, 170.97561645507812, 170.97561645507812
22011197, 137, 137, 171.64634704589844, 171.64634704589844
22045962, 56, 56, 217.19512939453125, 217.19512939453125
22048128, 101, 101, 192.19512939453125, 192.19512939453125
22085016, 200, 200, 137.6219482421875, 137.6219482421875
22087185, 185, 185, 146.21951293945312, 146.21951293945312
22121949, 55, 55, 218.84146118164062, 218.84146118164062
22124126, 36, 36, 229.3292694091797, 229.3292694091797
22178098, 116, 116, 185.5487823486328, 185.5487823486328
22180276, 149, 149, 167.31707763671875, 167.31707763671875
22215022, 66, 66, 213.1707305908203, 213.1707305908203
22217189, 106, 106, 191.03659057617188, 191.03659057617188
22251946, 103, 103, 193.10975646972656, 193.10975646972656
22254123, 208, 208, 134.5731658935547, 134.5731658935547
22291004, 73, 73, 210.1219482421875, 210.1219482421875
22293181, 85, 85, 203.59756469726562, 203.59756469726562
22347200, 176, 176, 153.10975646972656, 153.10975646972656
22349367, 160, 160, 162.01219177246094, 162.01219177246094
22384126, 60, 60, 217.9268341064453, 217.9268341064453
22386302, 80, 80, 207.01219177246094, 207.01219177246094
22421053, 130, 130, 179.51219177246094, 179.51219177246094
22423217, 178, 178, 152.68292236328125, 152.68292236328125
22457980, 166, 166, 159.39024353027344, 159.39024353027344
22460144, 41, 41, 229.02438354492188, 229.02438354492188
22497037, 116, 116, 187.01219177246094, 187.01219177246094
22499203, 172, 172, 155.9146270751953, 155.9146270751953
22533959, 46, 46, 226.40243530273438, 226.40243530273438
22536127, 63, 63, 217.19512939453125, 217.19512939453125
22570883, 177, 177, 153.78048706054688, 153.78048706054688
22573050, 32, 32, 234.39024353027344, 234.39024353027344
22607776, 151, 151, 168.78048706054688, 168.78048706054688
22609941, 117, 117, 187.743896484375, 187.743896484375
22644705, 231, 231, 124.75609588623047, 124.75609588623047
22646871, 195, 195, 144.756103515625, 144.756103515625
22683793, 97, 97, 199.63414001464844, 199.63414001464844
22685962, 68, 68, 215.85365295410156, 215.85365295410156
22720693, 2, 2, 254.8780517578125, 254.8780517578125
22722867, 116, 116, 188.65853881835938, 188.65853881835938
22757653, 238, 238, 121.70731353759766, 121.70731353759766
22759827, 163, 163, 163.4146270751953, 163.4146270751953
22794608, 18, 18, 244.2073211669922, 244.2073211669922
22796773, 16, 16, 244.93902587890625, 244.93902587890625
22850725, 188, 188, 149.5731658935547, 149.5731658935547
22852891, 198, 198, 144.3292694091797, 144.3292694091797
22889782, 120, 120, 187.80487060546875, 187.80487060546875
22891951, 141, 141, 176.28048706054688, 176.28048706054688
22926719, 69, 69, 216.46340942382812, 216.46340942382812
22928883, 81, 81, 210.18292236328125, 210.18292236328125
22963603, 135, 135, 179.93902587890625, 179.93902587890625
22965768, 207, 207, 139.8780517578125, 139.8780517578125
23000522, 149, 149, 172.43902587890625, 172.43902587890625
23002697, 123, 123, 187.01219177246094, 187.01219177246094
23039604, 70, 70, 216.52438354492188, 216.52438354492188
23041770, 101, 101, 199.2073211669922, 199.2073211669922
23076486, 68, 68, 217.68292236328125, 217.68292236328125
23078659, 86, 86, 207.9268341064453, 207.9268341064453
23113362, 151, 151, 172.19512939453125, 172.19512939453125
23115537, 150, 150, 172.98780822753906, 172.98780822753906
23150317, 200, 200, 145.73170471191406, 145.73170471191406
23152493, 174, 174, 159.81707763671875, 159.81707763671875
23189413, 225, 225, 131.89024353027344, 131.89024353027344
23191580, 175, 175, 160.243896484375, 160.243896484375
23226341, 47, 47, 230.9146270751953, 230.9146270751953
23228509, 98, 98, 202.86585998535156, 202.86585998535156
23263269, 153, 153, 172.743896484375, 172.743896484375
23265433, 96, 96, 204.2073211669922, 204.2073211669922
23300228, 157, 157, 170.7926788330078, 170.7926788330078
23302400, 238, 238, 126.21951293945312, 126.21951293945312
23339291, 135, 135, 183.35365295410156, 183.35365295410156
23341458, 179, 179, 159.4512176513672, 159.4512176513672
23376175, 166, 166, 166.7073211669922, 166.7073211669922
23378356, 87, 87, 210.60975646972656, 210.60975646972656
23413151, 123, 123, 190.4268341064453, 190.4268341064453
23415324, 133, 133, 185.1219482421875, 185.1219482421875
23450103, 172, 172, 164.14634704589844, 164.14634704589844
23452278, 204, 204, 146.21951293945312, 146.21951293945312
23489158, 105, 105, 201.52438354492188, 201.52438354492188
23491326, 146, 146, 178.78048706054688, 178.78048706054688
23526092, 156, 156, 172.9268341064453, 172.9268341064453
23528256, 143, 143, 180.243896484375, 180.243896484375
23563014, 80, 80, 215.4268341064453, 215.4268341064453
23565180, 76, 76, 217.19512939453125, 217.19512939453125
23599947, 209, 209, 143.90243530273438, 143.90243530273438
23602123, 188, 188, 155.5487823486328, 155.5487823486328
23636840, 110, 110, 199.39024353027344, 199.39024353027344
23639018, 108, 108, 200.1219482421875, 200.1219482421875
23675908, 207, 207, 145.7926788330078, 145.7926788330078
23678086, 146, 146, 179.81707763671875, 179.81707763671875
23712845, 7, 7, 265.06097412109375, 265.06097412109375
23715008, 12, 12, 267.56097412109375, 267.56097412109375
23749763, 58, 58, 226.9512176513672, 226.9512176513672
23751927, 104, 104, 201.40243530273438, 201.40243530273438
23786702, 196, 196, 150.9146270751953, 150.9146270751953
23788877, 255, 255, 116.21951293945312, 116.21951293945312
23824168, 22, 22, 272.98779296875, 272.98779296875
23826333, 54, 54, 230.0, 230.0
23863234, 62, 62, 224.756103515625, 224.756103515625
23865403, 77, 77, 216.64634704589844, 216.64634704589844
23900159, 176, 176, 161.9512176513672, 161.9512176513672
23902334, 133, 133, 185.7926788330078, 185.7926788330078
23937104, 150, 150, 176.76829528808594, 176.76829528808594
23939270, 195, 195, 151.76829528808594, 151.76829528808594
23974037, 228, 228, 133.47561645507812, 133.47561645507812
23976203, 206, 206, 145.6707305908203, 145.6707305908203
24030168, 202, 202, 147.86585998535156, 147.86585998535156
24032348, 231, 231, 131.7073211669922, 131.7073211669922
24069266, 100, 100, 205.06097412109375, 205.06097412109375
24071431, 7, 7, 264.81707763671875, 264.81707763671875
24106152, 210, 210, 143.71951293945312, 143.71951293945312
24108327, 240, 240, 127.25609588623047, 127.25609588623047
24143113, 120, 120, 194.3292694091797, 194.3292694091797
24145289, 89, 89, 211.21951293945312, 211.21951293945312
24182176, 85, 85, 213.35365295410156, 213.35365295410156
24184340, 57, 57, 228.47561645507812, 228.47561645507812
24219078, 73, 73, 220.18292236328125, 220.18292236328125
24221257, 48, 48, 234.0853729248047, 234.0853729248047
24255997, 110, 110, 199.69512939453125, 199.69512939453125
24258175, 61, 61, 227.19512939453125, 227.19512939453125
24292940, 119, 119, 194.51219177246094, 194.51219177246094
24295103, 63, 63, 225.9146270751953, 225.9146270751953
24329875, 184, 184, 158.65853881835938, 158.65853881835938
24332052, 160, 160, 172.0731658935547, 172.0731658935547
24368924, 132, 132, 188.71951293945312, 188.71951293945312
24371091, 153, 153, 177.0731658935547, 177.0731658935547
24405838, 56, 56, 230.5487823486328, 230.5487823486328
24408003, 31, 31, 244.39024353027344, 244.39024353027344
24442765, 151, 151, 177.56097412109375, 177.56097412109375
24444931, 188, 188, 157.256103515625, 157.256103515625
24479696, 243, 243, 127.43902587890625, 127.43902587890625
24481862, 191, 191, 156.34146118164062, 156.34146118164062
24518760, 153, 153, 177.6219482421875, 177.6219482421875
24520926, 145, 145, 181.76829528808594, 181.76829528808594
24555678, 127, 127, 192.56097412109375, 192.56097412109375
24557860, 182, 182, 162.13414001464844, 162.13414001464844
24592611, 98, 98, 209.02438354492188, 209.02438354492188
24594787, 88, 88, 214.63414001464844, 214.63414001464844
24629513, 115, 115, 198.84146118164062, 198.84146118164062
24631688, 160, 160, 174.02438354492188, 174.02438354492188
24668550, 131, 131, 191.09756469726562, 191.09756469726562
24670719, 157, 157, 176.40243530273438, 176.40243530273438
24705512, 77, 77, 220.85365295410156, 220.85365295410156
24707680, 56, 56, 232.13414001464844, 232.13414001464844
24742440, 174, 174, 166.76829528808594, 166.76829528808594
24744609, 172, 172, 167.86585998535156, 167.86585998535156
24779369, 92, 92, 212.43902587890625, 212.43902587890625
24781536, 86, 86, 216.09756469726562, 216.09756469726562
24835543, 135, 135, 188.84146118164062, 188.84146118164062
24837720, 190, 190, 158.0487823486328, 158.0487823486328
24872514, 96, 96, 210.4268341064453, 210.4268341064453
24874678, 81, 81, 218.4146270751953, 218.4146270751953
24911558, 255, 255, 121.34146118164062, 121.34146118164062
24913725, 210, 210, 147.19512939453125, 147.19512939453125
24948499, 53, 53, 234.63414001464844, 234.63414001464844
24950669, 29, 29, 248.1707305908203, 248.1707305908203
24985428, 97, 97, 209.93902587890625, 209.93902587890625
24987590, 93, 93, 212.6219482421875, 212.6219482421875
25022349, 150, 150, 181.15853881835938, 181.15853881835938
25024526, 159, 159, 175.97561645507812, 175.97561645507812
25061437, 159, 159, 176.21951293945312, 176.21951293945312
25063603, 134, 134, 190.18292236328125, 190.18292236328125
25098365, 116, 116, 200.48780822753906, 200.48780822753906
25100531, 77, 77, 221.76829528808594, 221.76829528808594
25154520, 104, 104, 206.7073211669922, 206.7073211669922
25156686, 82, 82, 219.0853729248047, 219.0853729248047
25210674, 197, 197, 155.36585998535156, 155.36585998535156
25212840, 129, 129, 193.2926788330078, 193.2926788330078
25247642, 171, 171, 170.30487060546875, 170.30487060546875
25249822, 192, 192, 158.65853881835938, 158.65853881835938
25284568, 75, 75, 223.84146118164062, 223.84146118164062
25286733, 76, 76, 223.59756469726562, 223.59756469726562
25323611, 41, 41, 242.6219482421875, 242.6219482421875
25325786, 50, 50, 237.56097412109375, 237.56097412109375
25360586, 140, 140, 187.256103515625, 187.256103515625
25362753, 133, 133, 191.15853881835938, 191.15853881835938
25397540, 56, 56, 233.90243530273438, 233.90243530273438
25399707, 115, 115, 201.28048706054688, 201.28048706054688
25434465, 57, 57, 233.1707305908203, 233.1707305908203
25436642, 138, 138, 188.59756469726562, 188.59756469726562
25473531, 131, 131, 192.31707763671875, 192.31707763671875
25475697, 113, 113, 202.256103515625, 202.256103515625
25510477, 47, 47, 238.47561645507812, 238.47561645507812
25512640, 94, 94, 212.86585998535156, 212.86585998535156
25547413, 255, 255, 86.82926940917969, 86.82926940917969
25549578, 213, 213, 147.56097412109375, 147.56097412109375
25584338, 97, 97, 211.5853729248047, 211.5853729248047
25586503, 45, 45, 240.4268341064453, 240.4268341064453
25621258, 155, 155, 179.39024353027344, 179.39024353027344
25623436, 149, 149, 182.743896484375, 182.743896484375
25660339, 95, 95, 212.9268341064453, 212.9268341064453
25662502, 0, 0, 265.8536682128906, 265.8536682128906
25697265, 91, 91, 214.69512939453125, 214.69512939453125
25699433, 15, 15, 256.8902587890625, 256.8902587890625
25734220, 186, 186, 162.6219482421875, 162.6219482421875
25736384, 175, 175, 168.65853881835938, 168.65853881835938
25771495, 110, 110, 204.69512939453125, 204.69512939453125
25773670, 78, 78, 222.68292236328125, 222.68292236328125
25810544, 169, 169, 171.9512176513672, 171.9512176513672
25812719, 104, 104, 207.9268341064453, 207.9268341064453
25847493, 79, 79, 221.89024353027344, 221.89024353027344
25849658, 102, 102, 209.3292694091797, 209.3292694091797
25884438, 34, 34, 246.8292694091797, 246.8292694091797
25886605, 181, 181, 164.81707763671875, 164.81707763671875
25959782, 96, 96, 212.6219482421875, 212.6219482421875
25961949, 130, 130, 193.47561645507812, 193.47561645507812
25996708, 210, 210, 150.4268341064453, 150.4268341064453
25998877, 255, 255, 25.426828384399414, 25.426828384399414
26033635, 86, 86, 219.4512176513672, 219.4512176513672
26035811, 119, 119, 201.34146118164062, 201.34146118164062
26070604, 29, 29, 249.8780517578125, 249.8780517578125
26072769, 103, 103, 208.84146118164062, 208.84146118164062
26109653, 255, 255, 80.67073059082031, 80.67073059082031
26111828, 243, 243, 132.13414001464844, 132.13414001464844
26146587, 123, 123, 199.39024353027344, 199.39024353027344
26148754, 139, 139, 190.4268341064453, 190.4268341064453
26183536, 1, 1, 267.98779296875, 267.98779296875
26185702, 96, 96, 213.65853881835938, 213.65853881835938
26220448, 119, 119, 201.5853729248047, 201.5853729248047
26222624, 238, 238, 135.5487823486328, 135.5487823486328
26259501, 141, 141, 189.63414001464844, 189.63414001464844
26261667, 125, 125, 198.10975646972656, 198.10975646972656
26296442, 123, 123, 199.02438354492188, 199.02438354492188
26298616, 81, 81, 222.31707763671875, 222.31707763671875
26333355, 104, 104, 210.0, 210.0
26335523, 127, 127, 197.0731658935547, 197.0731658935547
26389505, 46, 46, 242.31707763671875, 242.31707763671875
26391670, 61, 61, 233.90243530273438, 233.90243530273438
26445674, 12, 12, 261.2195129394531, 261.2195129394531
26447842, 75, 75, 226.40243530273438, 226.40243530273438
26482624, 103, 103, 210.97561645507812, 210.97561645507812
26484791, 79, 79, 223.96340942382812, 223.96340942382812
26521688, 181, 181, 167.6219482421875, 167.6219482421875
26523866, 177, 177, 169.51219177246094, 169.51219177246094
26558601, 157, 157, 181.28048706054688, 181.28048706054688
26560766, 124, 124, 199.51219177246094, 199.51219177246094
26595532, 186, 186, 164.81707763671875, 164.81707763671875
26597694, 201, 201, 156.8292694091797, 156.8292694091797
26651652, 105, 105, 209.4512176513672, 209.4512176513672
26653829, 52, 52, 238.90243530273438, 238.90243530273438
26688611, 82, 82, 222.3780517578125, 222.3780517578125
26690785, 91, 91, 217.31707763671875, 217.31707763671875
26727675, 130, 130, 195.4268341064453, 195.4268341064453
26729837, 96, 96, 214.2073211669922, 214.2073211669922
26764612, 142, 142, 189.39024353027344, 189.39024353027344
26766775, 115, 115, 204.4512176513672, 204.4512176513672
26801539, 82, 82, 222.3780517578125, 222.3780517578125
26803706, 72, 72, 228.23170471191406, 228.23170471191406
26838459, 255, 255, 108.29268646240234, 108.29268646240234
26840623, 255, 255, 91.09756469726562, 91.09756469726562
26877519, 91, 91, 218.1707305908203, 218.1707305908203
26879684, 99, 99, 213.71951293945312, 213.71951293945312
26914460, 149, 149, 185.48780822753906, 185.48780822753906
26916623, 101, 101, 211.9512176513672, 211.9512176513672
26951373, 255, 255, 122.07317352294922, 122.07317352294922
26953539, 155, 155, 182.3780517578125, 182.3780517578125
26988269, 71, 71, 229.51219177246094, 229.51219177246094
26990446, 62, 62, 234.4512176513672, 234.4512176513672
27027329, 178, 178, 169.81707763671875, 169.81707763671875
27029497, 153, 153, 183.35365295410156, 183.35365295410156
27064269, 167, 167, 175.7926788330078, 175.7926788330078
27066437, 170, 170, 174.4512176513672, 174.4512176513672
27101187, 152, 152, 184.26829528808594, 184.26829528808594
27103362, 157, 157, 181.76829528808594, 181.76829528808594
27138124, 123, 123, 200.9146270751953, 200.9146270751953
27140300, 102, 102, 212.31707763671875, 212.31707763671875
27175038, 140, 140, 191.52438354492188, 191.52438354492188
27177203, 129, 129, 197.6219482421875, 197.6219482421875
27214103, 113, 113, 206.40243530273438, 206.40243530273438
27216279, 141, 141, 190.7926788330078, 190.7926788330078
27251072, 152, 152, 184.756103515625, 184.756103515625
27253248, 104, 104, 211.21951293945312, 211.21951293945312
27288023, 94, 94, 216.34146118164062, 216.34146118164062
27290187, 147, 147, 187.256103515625, 187.256103515625
27324951, 129, 129, 197.43902587890625, 197.43902587890625
27327122, 143, 143, 189.5731658935547, 189.5731658935547
27364044, 60, 60, 235.5487823486328, 235.5487823486328
27366210, 66, 66, 232.13414001464844, 232.13414001464844
27400968, 62, 62, 234.2073211669922, 234.2073211669922
27403144, 144, 144, 188.2926788330078, 188.2926788330078
27437896, 167, 167, 175.6707305908203, 175.6707305908203
27440073, 144, 144, 188.2926788330078, 188.2926788330078
27494051, 213, 213, 150.18292236328125, 150.18292236328125
27496217, 206, 206, 154.4512176513672, 154.4512176513672
27530990, 123, 123, 200.7926788330078, 200.7926788330078
27533156, 165, 165, 177.13414001464844, 177.13414001464844
27587142, 142, 142, 190.6707305908203, 190.6707305908203
27589311, 118, 118, 203.71951293945312, 203.71951293945312
27626192, 92, 92, 218.2926788330078, 218.2926788330078
27628356, 46, 46, 243.78048706054688, 243.78048706054688
27663124, 179, 179, 169.63414001464844, 169.63414001464844
27665291, 215, 215, 150.1219482421875, 150.1219482421875
27700060, 147, 147, 188.23170471191406, 188.23170471191406
27702227, 109, 109, 209.3292694091797, 209.3292694091797
27737253, 139, 139, 192.13414001464844, 192.13414001464844
27739493, 136, 136, 193.90243530273438, 193.90243530273438
27774279, 145, 145, 189.0853729248047, 189.0853729248047
27776443, 130, 130, 197.9268341064453, 197.9268341064453
27813359, 168, 168, 176.8292694091797, 176.8292694091797
27815536, 138, 138, 193.59756469726562, 193.59756469726562
27850299, 108, 108, 210.30487060546875, 210.30487060546875
27852465, 106, 106, 211.15853881835938, 211.15853881835938
27887199, 123, 123, 201.5853729248047, 201.5853729248047
27889364, 152, 152, 185.9146270751953, 185.9146270751953
27924090, 186, 186, 167.01219177246094, 167.01219177246094
27926267, 134, 134, 195.97561645507812, 195.97561645507812
27963190, 139, 139, 193.2926788330078, 193.2926788330078
27965357, 129, 129, 198.90243530273438, 198.90243530273438
28000117, 64, 64, 235.1219482421875, 235.1219482421875
28002282, 126, 126, 200.30487060546875, 200.30487060546875
28037022, 143, 143, 191.03659057617188, 191.03659057617188
28039188, 166, 166, 178.47561645507812, 178.47561645507812
28073967, 213, 213, 152.3780517578125, 152.3780517578125
28076132, 210, 210, 154.26829528808594, 154.26829528808594
28130121, 169, 169, 177.19512939453125, 177.19512939453125
28132285, 79, 79, 227.3780517578125, 227.3780517578125
28169189, 221, 221, 148.53659057617188, 148.53659057617188
28171367, 225, 225, 146.5853729248047, 146.5853729248047
28206155, 120, 120, 205.243896484375, 205.243896484375
28208321, 83, 83, 225.6707305908203, 225.6707305908203
28243069, 109, 109, 211.03659057617188, 211.03659057617188
28245236, 56, 56, 240.5487823486328, 240.5487823486328
28279994, 93, 93, 219.8780517578125, 219.8780517578125
28282168, 93, 93, 219.3292694091797, 219.3292694091797
28319082, 148, 148, 189.2073211669922, 189.2073211669922
28321249, 156, 156, 184.8780517578125, 184.8780517578125
28355976, 175, 175, 174.0853729248047, 174.0853729248047
28358151, 134, 134, 196.52438354492188, 196.52438354492188
28392917, 90, 90, 220.7926788330078, 220.7926788330078
28395084, 124, 124, 201.76829528808594, 201.76829528808594
28429841, 238, 238, 138.47561645507812, 138.47561645507812
28432019, 139, 139, 193.47561645507812, 193.47561645507812
28466795, 212, 212, 153.1707305908203, 153.1707305908203
28468973, 208, 208, 155.5487823486328, 155.5487823486328
28505838, 25, 25, 256.7682800292969, 256.7682800292969
28508008, 13, 13, 278.04876708984375, 278.04876708984375
28542766, 88, 88, 220.9146270751953, 220.9146270751953
28544944, 164, 164, 179.2073211669922, 179.2073211669922
28579721, 92, 92, 218.65853881835938, 218.65853881835938
28581885, 108, 108, 210.06097412109375, 210.06097412109375
28616639, 126, 126, 200.243896484375, 200.243896484375
28618805, 170, 170, 175.7926788330078, 175.7926788330078
28655702, 174, 174, 173.78048706054688, 173.78048706054688
28657869, 224, 224, 146.15853881835938, 146.15853881835938
28692630, 133, 133, 196.46340942382812, 196.46340942382812
28694795, 162, 162, 180.48780822753906, 180.48780822753906
28748821, 153, 153, 185.97561645507812, 185.97561645507812
28751001, 92, 92, 219.5731658935547, 219.5731658935547
28785778, 90, 90, 220.97561645507812, 220.97561645507812
28787943, 117, 117, 205.9146270751953, 205.9146270751953
28822721, 93, 93, 219.0853729248047, 219.0853729248047
28824886, 155, 155, 184.5731658935547, 184.5731658935547
28861777, 149, 149, 188.4146270751953, 188.4146270751953
28863943, 79, 79, 227.0731658935547, 227.0731658935547
28898705, 119, 119, 205.06097412109375, 205.06097412109375
28900884, 111, 111, 209.39024353027344, 209.39024353027344
28954889, 117, 117, 206.15853881835938, 206.15853881835938
28957065, 97, 97, 217.0731658935547, 217.0731658935547
28991821, 187, 187, 167.31707763671875, 167.31707763671875
28993986, 216, 216, 150.85365295410156, 150.85365295410156
29028711, 137, 137, 195.243896484375, 195.243896484375
29030877, 121, 121, 203.78048706054688, 203.78048706054688
29067781, 226, 226, 145.85365295410156, 145.85365295410156
29069961, 147, 147, 189.5731658935547, 189.5731658935547
29104718, 124, 124, 202.56097412109375, 202.56097412109375
29106882, 74, 74, 229.93902587890625, 229.93902587890625
29141618, 255, 255, 123.78048706054688, 123.78048706054688
29143795, 235, 235, 140.60975646972656, 140.60975646972656
29178573, 27, 27, 256.3414611816406, 256.3414611816406
29180739, 79, 79, 227.43902587890625, 227.43902587890625
29217655, 134, 134, 196.15853881835938, 196.15853881835938
29219830, 140, 140, 193.2926788330078, 193.2926788330078
29254564, 190, 190, 165.60975646972656, 165.60975646972656
29256732, 186, 186, 167.9268341064453, 167.9268341064453
29291451, 150, 150, 187.9268341064453, 187.9268341064453
29293628, 164, 164, 180.48780822753906, 180.48780822753906
29328382, 120, 120, 204.69512939453125, 204.69512939453125
29330548, 146, 146, 190.30487060546875, 190.30487060546875
29367444, 137, 137, 195.4268341064453, 195.4268341064453
29369620, 134, 134, 197.19512939453125, 197.19512939453125
29404387, 229, 229, 144.5731658935547, 144.5731658935547
29406549, 212, 212, 154.0853729248047, 154.0853729248047
29441296, 27, 27, 256.8292541503906, 256.8292541503906
29443462, 94, 94, 219.756103515625, 219.756103515625
29478226, 198, 198, 161.76829528808594, 161.76829528808594
29480391, 225, 225, 146.7073211669922, 146.7073211669922
29515144, 88, 88, 222.9268341064453, 222.9268341064453
29517312, 96, 96, 218.59756469726562, 218.59756469726562
29554228, 132, 132, 198.65853881835938, 198.65853881835938
29556405, 139, 139, 194.3292694091797, 194.3292694091797
29591151, 155, 155, 185.73170471191406, 185.73170471191406
29593329, 166, 166, 179.756103515625, 179.756103515625
29628109, 86, 86, 223.90243530273438, 223.90243530273438
29630283, 85, 85, 224.756103515625, 224.756103515625
29665039, 142, 142, 193.2926788330078, 193.2926788330078
29667205, 177, 177, 173.96340942382812, 173.96340942382812
29704225, 44, 44, 247.86585998535156, 247.86585998535156
29741253, 255, 255, 129.2073211669922, 129.2073211669922
29743431, 255, 255, 129.39024353027344, 129.39024353027344
29778181, 177, 177, 173.90243530273438, 173.90243530273438
29780355, 214, 214, 153.65853881835938, 153.65853881835938
29834311, 113, 113, 210.4268341064453, 210.4268341064453
29836476, 131, 131, 200.48780822753906, 200.48780822753906
29871196, 106, 106, 213.90243530273438, 213.90243530273438
29873360, 101, 101, 216.34146118164062, 216.34146118164062
29927317, 122, 122, 204.69512939453125, 204.69512939453125
29929491, 133, 133, 199.0853729248047, 199.0853729248047
29966380, 153, 153, 187.98780822753906, 187.98780822753906
29968555, 118, 118, 207.19512939453125, 207.19512939453125
30003317, 169, 169, 179.3292694091797, 179.3292694091797
30005485, 213, 213, 154.39024353027344, 154.39024353027344
30040219, 101, 101, 216.9512176513672, 216.9512176513672
30042385, 150, 150, 189.69512939453125, 189.69512939453125
30077113, 74, 74, 231.7073211669922, 231.7073211669922
30079278, 27, 27, 257.743896484375, 257.743896484375
30116189, 115, 115, 209.39024353027344, 209.39024353027344
30118364, 113, 113, 210.48780822753906, 210.48780822753906
30153107, 209, 209, 157.3780517578125, 157.3780517578125
30155275, 1, 1, 274.45123291015625, 274.45123291015625
30190014, 25, 25, 287.743896484375, 287.743896484375
30192191, 159, 159, 184.756103515625, 184.756103515625
30226936, 24, 24, 258.7804870605469, 258.7804870605469
30229101, 39, 39, 293.9634094238281, 293.9634094238281
30266011, 255, 255, 98.90243530273438, 98.90243530273438
30268188, 255, 255, 90.60975646972656, 90.60975646972656
30302965, 119, 119, 206.8292694091797, 206.8292694091797
30305140, 135, 135, 198.2926788330078, 198.2926788330078
30339926, 142, 142, 193.59756469726562, 193.59756469726562
30342106, 122, 122, 204.63414001464844, 204.63414001464844
30376846, 87, 87, 224.63414001464844, 224.63414001464844
30379012, 56, 56, 242.13414001464844, 242.13414001464844
30413759, 140, 140, 195.4268341064453, 195.4268341064453
30415936, 85, 85, 225.97561645507812, 225.97561645507812
30452825, 89, 89, 223.4146270751953, 223.4146270751953
30454999, 127, 127, 202.01219177246094, 202.01219177246094
30489770, 133, 133, 198.96340942382812, 198.96340942382812
30491935, 124, 124, 203.71951293945312, 203.71951293945312
30526711, 170, 170, 178.10975646972656, 178.10975646972656
30528875, 151, 151, 189.02438354492188, 189.02438354492188
30563661, 247, 247, 135.48780822753906, 135.48780822753906
30565839, 227, 227, 147.01219177246094, 147.01219177246094
30602740, 177, 177, 175.243896484375, 175.243896484375
30604916, 165, 165, 181.64634704589844, 181.64634704589844
30639699, 110, 110, 212.01219177246094, 212.01219177246094
30641865, 77, 77, 230.243896484375, 230.243896484375
30676625, 144, 144, 193.1707305908203, 193.1707305908203
30678792, 145, 145, 192.80487060546875, 192.80487060546875
30713541, 177, 177, 174.756103515625, 174.756103515625
30715715, 141, 141, 194.93902587890625, 194.93902587890625
30752613, 145, 145, 192.86585998535156, 192.86585998535156
30754778, 164, 164, 182.256103515625, 182.256103515625
30789537, 61, 61, 239.4512176513672, 239.4512176513672
30791716, 66, 66, 236.5853729248047, 236.5853729248047
30826480, 173, 173, 177.56097412109375, 177.56097412109375
30828642, 187, 187, 169.756103515625, 169.756103515625
30863393, 142, 142, 194.4512176513672, 194.4512176513672
30865566, 160, 160, 184.63414001464844, 184.63414001464844
30902454, 166, 166, 181.89024353027344, 181.89024353027344
30904630, 191, 191, 168.1707305908203, 168.1707305908203
30939382, 147, 147, 192.31707763671875, 192.31707763671875
30941547, 142, 142, 194.93902587890625, 194.93902587890625
30976289, 143, 143, 194.5731658935547, 194.5731658935547
30978452, 174, 174, 177.3780517578125, 177.3780517578125
31013221, 98, 98, 219.756103515625, 219.756103515625
31015397, 55, 55, 243.4146270751953, 243.4146270751953
31052314, 151, 151, 190.243896484375, 190.243896484375
31054490, 146, 146, 193.10975646972656, 193.10975646972656
31106323, 95, 95, 221.09756469726562, 221.09756469726562
31108491, 49, 49, 246.46340942382812, 246.46340942382812
31145403, 163, 163, 182.80487060546875, 182.80487060546875
31147572, 247, 247, 136.64634704589844, 136.64634704589844
31182315, 136, 136, 198.59756469726562, 198.59756469726562
31184491, 148, 148, 191.64634704589844, 191.64634704589844
31219263, 89, 89, 224.4512176513672, 224.4512176513672
31221428, 95, 95, 221.09756469726562, 221.09756469726562
31275386, 189, 189, 168.90243530273438, 168.90243530273438
31277552, 206, 206, 159.14634704589844, 159.14634704589844
31314407, 80, 80, 229.5731658935547, 229.5731658935547
31316587, 14, 14, 266.1585388183594, 266.1585388183594
31351344, 187, 187, 169.26829528808594, 169.26829528808594
31353509, 159, 159, 185.18292236328125, 185.18292236328125
31388271, 33, 33, 255.36585998535156, 255.36585998535156
31390449, 22, 22, 261.0365905761719, 261.0365905761719
31425233, 223, 223, 149.3292694091797, 149.3292694091797
31427398, 255, 255, 131.5853729248047, 131.5853729248047
31462149, 182, 182, 172.56097412109375, 172.56097412109375
31464317, 224, 224, 149.51219177246094, 149.51219177246094
31518325, 8, 8, 269.81707763671875, 269.81707763671875
31520493, 187, 187, 170.5487823486328, 170.5487823486328
31557416, 80, 80, 229.5731658935547, 229.5731658935547
31559578, 71, 71, 234.51219177246094, 234.51219177246094
31594332, 95, 95, 221.09756469726562, 221.09756469726562
31596495, 188, 188, 169.51219177246094, 169.51219177246094
31631207, 172, 172, 178.53659057617188, 178.53659057617188
31633383, 255, 255, 122.92682647705078, 122.92682647705078
31668166, 86, 86, 226.03659057617188, 226.03659057617188
31670331, 90, 90, 223.65853881835938, 223.65853881835938
31707500, 225, 225, 148.96340942382812, 148.96340942382812
31709675, 220, 220, 151.89024353027344, 151.89024353027344
31761506, 91, 91, 223.23170471191406, 223.23170471191406
31763675, 70, 70, 234.93902587890625, 234.93902587890625
31800564, 29, 29, 290.243896484375, 290.243896484375
31802730, 141, 141, 195.06097412109375, 195.06097412109375
31837490, 161, 161, 183.59756469726562, 183.59756469726562
31839656, 176, 176, 175.30487060546875, 175.30487060546875
31874424, 138, 138, 197.01219177246094, 197.01219177246094
31876603, 110, 110, 212.80487060546875, 212.80487060546875
31913494, 83, 83, 227.0731658935547, 227.0731658935547
31915661, 65, 65, 237.13414001464844, 237.13414001464844
31950380, 152, 152, 189.0853729248047, 189.0853729248047
31952546, 152, 152, 188.65853881835938, 188.65853881835938
31987318, 94, 94, 221.28048706054688, 221.28048706054688
31989485, 70, 70, 234.69512939453125, 234.69512939453125
32024251, 10, 10, 267.3780517578125, 267.3780517578125
32026416, 60, 60, 239.63414001464844, 239.63414001464844
32061171, 150, 150, 189.14634704589844, 189.14634704589844
32063335, 196, 196, 163.96340942382812, 163.96340942382812
32100242, 94, 94, 220.9146270751953, 220.9146270751953
32102417, 172, 172, 177.19512939453125, 177.19512939453125
32137166, 172, 172, 177.56097412109375, 177.56097412109375
32139330, 182, 182, 172.01219177246094, 172.01219177246094
32174109, 97, 97, 219.3292694091797, 219.3292694091797
32176275, 100, 100, 217.56097412109375, 217.56097412109375
32211002, 129, 129, 201.40243530273438, 201.40243530273438
32213168, 154, 154, 187.80487060546875, 187.80487060546875
32250048, 129, 129, 202.0731658935547, 202.0731658935547
32252211, 119, 119, 207.5, 207.5
32306192, 112, 112, 210.85365295410156, 210.85365295410156
32308371, 136, 136, 197.86585998535156, 197.86585998535156
32343113, 115, 115, 208.78048706054688, 208.78048706054688
32345289, 126, 126, 202.98780822753906, 202.98780822753906
32380048, 173, 173, 177.68292236328125, 177.68292236328125
32382210, 222, 222, 150.1219482421875, 150.1219482421875
32416983, 55, 55, 242.743896484375, 242.743896484375
32419158, 98, 98, 219.14634704589844, 219.14634704589844
32456069, 159, 159, 185.06097412109375, 185.06097412109375
32458244, 159, 159, 184.756103515625, 184.756103515625
32492999, 156, 156, 186.7073211669922, 186.7073211669922
32495165, 167, 167, 180.73170471191406, 180.73170471191406
32529939, 48, 48, 246.9512176513672, 246.9512176513672
32532118, 40, 40, 251.40243530273438, 251.40243530273438
32566856, 117, 117, 207.6219482421875, 207.6219482421875
32569020, 154, 154, 187.13414001464844, 187.13414001464844
32605885, 134, 134, 198.2926788330078, 198.2926788330078
32608062, 179, 179, 173.4146270751953, 173.4146270751953
32642826, 168, 168, 179.63414001464844, 179.63414001464844
32644995, 140, 140, 195.30487060546875, 195.30487060546875
32679716, 101, 101, 216.52438354492188, 216.52438354492188
32681895, 104, 104, 214.63414001464844, 214.63414001464844
32716611, 194, 194, 165.18292236328125, 165.18292236328125
32718789, 194, 194, 164.756103515625, 164.756103515625
32755643, 144, 144, 192.5, 192.5
32757813, 115, 115, 208.84146118164062, 208.84146118164062
32792577, 248, 248, 135.30487060546875, 135.30487060546875
32794750, 128, 128, 202.13414001464844, 202.13414001464844
32829500, 72, 72, 233.0487823486328, 233.0487823486328
32831664, 65, 65, 236.52438354492188, 236.52438354492188
32866435, 110, 110, 211.21951293945312, 211.21951293945312
32868600, 122, 122, 204.8780517578125, 204.8780517578125
32905500, 120, 120, 205.97561645507812, 205.97561645507812
32907665, 118, 118, 207.01219177246094, 207.01219177246094
32942431, 109, 109, 211.8292694091797, 211.8292694091797
32944596, 69, 69, 234.2073211669922, 234.2073211669922
32979352, 169, 169, 178.96340942382812, 178.96340942382812
32981516, 161, 161, 183.35365295410156, 183.35365295410156
33016296, 151, 151, 188.84146118164062, 188.84146118164062
33018461, 166, 166, 180.30487060546875, 180.30487060546875
33055345, 220, 220, 150.9146270751953, 150.9146270751953
33057508, 205, 205, 159.0853729248047, 159.0853729248047
33092275, 119, 119, 207.13414001464844, 207.13414001464844
33094454, 135, 135, 198.2926788330078, 198.2926788330078
33129242, 87, 87, 224.3292694091797, 224.3292694091797
33131406, 156, 156, 186.28048706054688, 186.28048706054688
33166183, 171, 171, 178.47561645507812, 178.47561645507812
33168345, 118, 118, 207.43902587890625, 207.43902587890625
33205224, 134, 134, 198.71951293945312, 198.71951293945312
33207389, 142, 142, 194.2073211669922, 194.2073211669922
33242167, 113, 113, 210.1219482421875, 210.1219482421875
33244331, 195, 195, 164.69512939453125, 164.69512939453125
33279090, 86, 86, 225.243896484375, 225.243896484375
33281255, 159, 159, 184.93902587890625, 184.93902587890625
33316004, 194, 194, 165.97561645507812, 165.97561645507812
33318180, 205, 205, 159.69512939453125, 159.69512939453125
33352956, 181, 181, 172.86585998535156, 172.86585998535156
33355119, 148, 148, 191.52438354492188, 191.52438354492188
33392024, 122, 122, 205.9146270751953, 205.9146270751953
33394200, 220, 220, 151.7073211669922, 151.7073211669922
33428955, 155, 155, 188.23170471191406, 188.23170471191406
33431125, 183, 183, 172.80487060546875, 172.80487060546875
33485100, 148, 148, 191.8292694091797, 191.8292694091797
33487263, 99, 99, 218.78048706054688, 218.78048706054688
33522039, 188, 188, 169.69512939453125, 169.69512939453125
33524205, 75, 75, 232.68292236328125, 232.68292236328125
33558971, 123, 123, 205.36585998535156, 205.36585998535156
33561148, 147, 147, 192.13414001464844, 192.13414001464844
33598032, 201, 201, 162.56097412109375, 162.56097412109375
33600208, 185, 185, 171.03659057617188, 171.03659057617188
33634947, 138, 138, 197.68292236328125, 197.68292236328125
33637110, 147, 147, 192.31707763671875, 192.31707763671875
33672247, 33, 33, 256.4634094238281, 256.4634094238281
33674426, 57, 57, 242.9268341064453, 242.9268341064453
33709188, 10, 10, 280.1219482421875, 280.1219482421875
33711353, 31, 31, 257.07318115234375, 257.07318115234375
33746148, 240, 240, 139.93902587890625, 139.93902587890625
33748323, 190, 190, 167.743896484375, 167.743896484375
33785234, 72, 72, 233.23170471191406, 233.23170471191406
33787397, 118, 118, 207.80487060546875, 207.80487060546875
33822096, 56, 56, 241.46340942382812, 241.46340942382812
33824270, 77, 77, 229.93902587890625, 229.93902587890625
33859032, 100, 100, 217.13414001464844, 217.13414001464844
33861200, 145, 145, 191.8292694091797, 191.8292694091797
33898087, 181, 181, 171.89024353027344, 171.89024353027344
33900255, 121, 121, 205.18292236328125, 205.18292236328125
33935031, 166, 166, 180.7926788330078, 180.7926788330078
33937199, 136, 136, 197.6219482421875, 197.6219482421875
33971945, 85, 85, 225.7926788330078, 225.7926788330078
33974123, 100, 100, 217.6219482421875, 217.6219482421875
34008877, 154, 154, 187.5, 187.5
34011041, 84, 84, 226.40243530273438, 226.40243530273438
34045814, 166, 166, 180.73170471191406, 180.73170471191406
34047992, 166, 166, 180.7926788330078, 180.7926788330078
34084916, 80, 80, 228.47561645507812, 228.47561645507812
34087081, 140, 140, 195.18292236328125, 195.18292236328125
34121834, 140, 140, 195.1219482421875, 195.1219482421875
34124010, 123, 123, 204.8780517578125, 204.8780517578125
34158745, 67, 67, 235.97561645507812, 235.97561645507812
34160910, 29, 29, 257.3780517578125, 257.3780517578125
34195708, 16, 16, 264.1463317871094, 264.1463317871094
34197880, 78, 78, 229.5731658935547, 229.5731658935547
34234766, 172, 172, 177.01219177246094, 177.01219177246094
34236933, 154, 154, 186.9512176513672, 186.9512176513672
34271717, 93, 93, 220.85365295410156, 220.85365295410156
34273880, 136, 136, 197.31707763671875, 197.31707763671875
34308628, 72, 72, 232.31707763671875, 232.31707763671875
34310803, 79, 79, 228.35365295410156, 228.35365295410156
34345563, 201, 201, 160.4268341064453, 160.4268341064453
34347728, 155, 155, 186.09756469726562, 186.09756469726562
34384587, 211, 211, 155.30487060546875, 155.30487060546875
34386752, 200, 200, 161.52438354492188, 161.52438354492188
34421496, 70, 70, 311.5853576660156, 311.5853576660156
34423676, 31, 31, 254.93902587890625, 254.93902587890625
34458455, 239, 239, 138.78048706054688, 138.78048706054688
34460619, 209, 209, 155.30487060546875, 155.30487060546875